963
2323
148
1087
1788
847
215
390
981
2357
1354
2090
405
2185
70
1117
731
1794
891
1287
2060
1183
1824
1303
2142
1013
2368
745
1439
1685
132
2336
2118
2303
2181
2375
1431
982
2150
1924
2379
1363
156
1301
1590
2208
1452
1137
1160
2095
1855
1668
2053
936
1161
1165
422
1002
9
619
1831
1339
2249
974
384
252
1752
2052
57
517
353
1082
684
302
452
781
764
33
53
2311
2247
1045
723
1951
2355
557
616
536
289
2110
562
1764
1791
1621
1386
799
820
1000
135
1839
1799
2160
1058
2143
2396
399
2235
1175
2063
224
914
1294
663
1036
1712
792
2238
1360
1949
69
1338
2260
610
322
1503
2376
582
883
2350
14
530
703
41
1758
1460
2263
1818
1557
1780
1919
251
1714
1618
1203
182
245
333
836
1265
1387
1858
985
1544
320
23
892
22
921
882
192
1073
98
1994
1492
425
655
1471
1505
995
1797
2201
961
1670
1635
2310
728
1355
1154
682
2147
569
486
748
916
124
708
1190
10
27
1126
2038
567
1674
661
1787
2298
1803
2218
2295
2092
232
1277
446
2333
1918
924
868
162
1774
1706
2352
1988
2158
2014
768
898
314
2114
276
443
597
746
996
442
248
1322
361
39
574
1310
917
1049
1453
2033
727
2229
1292
379
1151
2221
2019
489
1770
713
953
37
1093
195
565
2370
2170
1018
838
465
137
1442
743
949
402
1017
2214
330
581
1038
1315
983
2320
2286
935
850
1743
1950
440
438
840
1755
1211
2085
2387
1332
2205
1687
1358
563
1658
107
1078
436
987
1263
1
2314
76
1573
1903
1547
1448
909
1300
2329
480
880
1063
1907
1997
1462
672
810
1825
906
933
1890
414
1704
651
2206
1927
1362
687
762
1255
264
1651
529
789
1809
964
1129
1627
778
1501
1609
117
48
303
220
518
1080
2109
1519
2213
795
828
1271
391
1114
2291
453
317
191
398
715
1763
1003
2248
602
1554
1136
286
1677
1649
1029
2088
1275
2039
1724
1663
206
1813
704
1586
1327
2304
1254
890
1729
477
861
2211
1939
1906
596
487
1283
2236
1516
638
133
2390
1622
634
1585
667
2128
1091
733
1570
575
1923
1817
2398
547
2032
11
1118
1419
1703
831
305
1599
2050
579
157
1446
2020
716
2358
2017
1264
18
229
200
841
818
1101
1284
457
1295
1351
47
296
621
568
194
175
1604
1615
461
17
578
895
1385
385
2259
899
145
1845
1662
776
1666
1681
1598
418
701
1767
478
1713
254
1689
1534
1417
1325
1702
300
1423
1853
259
1199
30
1426
618
570
1069
2322
1077
1343
1212
1455
2189
1474
1811
386
927
459
1119
1538
1646
1076
2067
501
2098
1213
812
1525
283
1661
1467
2356
1490
149
1518
989
2275
2056
2136
1686
458
1895
503
674
1023
1602
1765
1097
6
794
1055
609
2111
1738
488
1567
1458
2182
1523
444
161
249
842
711
2400
1991
758
913
1749
1601
806
1533
657
1592
712
832
1737
825
648
1882
342
1473
2283
923
1655
535
1459
1735
791
1008
937
483
80
896
270
2342
793
475
532
1616
299
1464
1302
485
233
2318
1507
1357
287
2252
512
1074
1866
553
878
279
253
1864
977
1180
1205
2072
1359
1259
31
1937
676
646
1741
670
1192
1637
980
1679
1187
359
369
309
2195
1657
1869
1273
1901
87
1106
1498
1341
141
1680
2002
1719
1816
1266
521
2273
2070
77
1430
393
1695
262
1068
666
240
1147
1986
721
1528
1593
381
688
1742
1549
938
2026
2145
2392
491
106
85
202
15
474
2116
118
1485
1569
735
502
1511
1527
1945
654
2405
633
1550
1025
1047
1513
600
1856
2233
775
1581
1366
1524
1222
310
187
905
1793
1979
1535
2025
1921
951
1239
1983
564
294
757
1185
2340
572
2330
1216
1812
1537
144
1836
1911
260
1083
971
1782
1748
2377
986
1865
958
1421
2328
295
1957
546
1916
1611
1555
1210
1010
1193
2267
139
620
1414
34
1717
1166
1051
376
2010
1110
1810
1934
2338
234
2384
900
1771
1721
506
1512
1859
2386
1647
629
61
1393
2268
2133
227
1806
1132
526
92
1804
1188
2307
2299
2282
1732
2106
2278
36
1932
997
897
1052
142
1526
1032
267
1256
223
1170
2210
2203
918
1330
1664
2069
1784
1368
1450
152
427
587
357
1334
615
42
2179
829
55
653
43
2317
511
1624
2380
522
311
686
2393
1789
641
805
2166
722
1559
538
2030
2220
1754
1340
217
473
1319
2373
335
551
2277
1377
2337
66
692
962
527
1827
1539
1577
140
1399
5
58
2183
583
817
2359
1027
2284
1261
1751
978
1843
2264
1293
278
1122
2241
185
2012
1150
1938
196
1975
1493
2401
2225
19
2083
1116
2057
54
189
505
1226
2289
64
1432
1444
2226
1964
1127
1405
2047
113
1323
750
2409
2031
82
893
1693
2161
1349
326
966
2381
1881
2122
2294
2134
1832
979
2102
689
122
1079
214
1506
2043
482
1174
1496
2215
1043
724
2075
298
52
796
1135
1454
1140
360
1958
1379
1427
315
1252
159
1280
318
652
717
1005
2407
558
2216
190
598
710
1981
1412
351
1948
1015
2042
946
2319
2093
1759
468
811
1336
534
1696
479
1103
665
2209
1420
271
726
516
1515
2324
1926
411
2334
1217
910
40
1917
2312
4
204
944
408
434
1246
219
991
1900
272
1486
1099
720
813
1148
1909
866
1998
1560
268
988
481
543
1773
1050
1376
1955
1829
2361
383
1982
1235
1631
347
2138
121
658
590
1146
2240
2016
1893
1009
89
1775
644
760
2051
177
823
519
1096
1952
1665
1878
2315
1373
1643
1108
1711
1056
785
2
1867
2301
108
2402
1727
171
412
1042
416
1081
2129
364
1821
740
73
1801
1761
312
1781
1888
378
1109
154
1783
1798
1451
930
1814
308
1001
1279
2157
965
1491
632
955
1070
178
1790
340
2018
1476
1912
198
2262
1673
1591
1328
1857
759
170
773
1961
992
45
467
1257
1489
319
184
1361
2305
1312
1928
1317
839
2168
744
539
801
2045
210
2327
2099
65
863
1388
1725
203
1021
1815
1026
2096
341
1632
875
372
576
942
211
520
1935
889
2077
1248
1568
354
96
589
1285
1841
1529
513
71
1236
1648
1484
456
725
68
1197
1145
881
1240
231
377
862
432
994
1456
1854
1374
1716
1944
814
1642
218
948
16
1613
367
1128
884
2155
2253
1228
2389
1639
1504
984
542
803
677
406
552
362
549
970
1762
1487
940
1553
1530
788
1580
355
2365
1231
1299
1428
642
2027
554
2276
693
2232
2127
649
420
593
1819
339
1870
2149
706
2058
2367
2364
960
1164
1985
1936
500
147
258
769
13
1411
1886
114
957
2281
241
1974
679
2404
56
435
1380
2349
155
2408
1016
60
29
782
35
1995
1171
1060
358
1123
2007
524
1200
737
2015
265
1424
1494
1728
1947
1874
336
548
1953
1482
887
2348
494
580
2100
2065
431
1189
2048
2271
1875
212
2272
1064
1245
75
1807
2188
1031
2094
247
2366
186
668
1390
8
2372
631
1779
2119
1105
1999
134
1124
445
226
464
455
2162
2385
999
1962
1691
752
2345
533
243
401
1785
244
2394
2140
450
1227
1652
1422
285
471
1449
2193
1756
871
1436
611
426
1184
1736
1014
1326
1708
1768
1367
1848
2115
678
1044
2369
943
1218
1065
2004
1614
49
540
110
510
44
1115
1941
2190
1324
78
269
2078
826
313
1521
1307
911
697
338
466
1846
363
1571
2256
1344
1860
1094
2255
1034
685
819
2066
83
1603
1311
1088
2200
2354
919
1833
1630
1397
205
328
808
1196
1057
1694
528
1281
656
2246
2287
858
1440
1861
1478
844
1931
879
1407
2035
472
2112
131
1039
439
849
2343
476
904
853
1898
2144
129
1840
103
2005
1084
784
1510
969
2131
1946
165
1894
1260
907
2242
349
1980
371
2274
2062
1276
507
1335
1835
395
625
695
947
761
1382
1887
263
1383
2288
846
783
1401
645
2239
1636
2360
771
2167
51
2108
493
601
2353
1715
1375
1121
993
1035
1633
238
97
779
2054
111
1220
183
2266
1268
613
1607
1710
1625
81
484
397
1291
1410
2309
2113
1989
2068
1683
1364
88
38
1495
1564
571
2395
1656
934
1318
261
1290
1572
514
2173
